100
1 711
1 3937
1 2144
1 280
1 806
1 4939
1 1506
1 414
1 4427
1 2213
1 2863
1 2153
1 631
1 2946
1 3672
1 2642
1 829
1 4501
1 2295
1 3357
1 4442
1 4610
1 2754
1 4259
1 445
1 3399
1 1076
1 3917
1 2248
1 2515
1 3061
1 690
1 3703
1 2061
1 4816
1 3930
1 1457
1 4544
1 630
1 4587
1 2597
1 813
1 3090
1 4268
1 4423
1 1138
1 3325
1 1681
1 1979
1 1570
1 1186
1 4806
1 184
1 1245
1 1644
1 495
1 2809
1 1570
1 4438
1 3312
1 1904
1 3306
1 3180
1 232
1 1020
1 1518
1 4953
1 796
1 4565
1 1092
1 2152
1 377
1 117
1 4213
1 198
1 2433
1 1137
1 2883
1 360
1 4538
1 4928
1 4185
1 2305
1 2267
1 2395
1 499
1 3303
1 1016
1 2846
1 4513
1 4399
1 2856
1 4046
1 1133
1 2629
1 3766
1 2020
1 813
1 1929
1 941